$ 1 0.000005 2.4737822143832555 50 5 50 5e-11
178 224 256 304 256 6 2 0.2 0.02777777777777739 75 10000000 0.021 180 0.003 0.004 1
178 208 80 208 0 14 1 0.2 4.4999257512280484e-7 75 10000000 0.021 180 0.003 0.004 0
w 320 224 320 96 0
w 320 224 304 224 0
R 304 192 304 160 0 0 40 9 0 0 0.5
178 288 80 288 0 14 1 0.2 4.4999257512280484e-7 75 10000000 0.021 180 0.003 0.004 0
178 368 80 368 0 14 1 0.2 4.4999257512280484e-7 75 10000000 0.021 180 0.003 0.004 0
178 448 80 448 0 14 1 0.2 4.4999257512280484e-7 75 10000000 0.021 180 0.003 0.004 0
w 240 80 240 96 0
w 240 96 320 96 1
w 480 96 480 80 0
w 320 80 320 96 0
w 400 96 480 96 1
w 400 80 400 96 0
w 240 0 240 -16 0
w 240 -16 320 -16 0
w 480 -16 480 0 0
w 400 -16 400 0 0
w 320 -16 320 0 0
w 320 -16 400 -16 0
w 400 -16 480 -16 0
w 480 -16 512 -16 0
g 512 -16 512 0 0 0
g 304 288 304 304 0 0
L 224 288 192 288 0 1 false 5 0
w 400 96 400 272 0
w 400 272 304 272 0
R 304 240 336 240 0 0 40 9 0 0 0.5
g 176 256 160 256 0 0
g 176 208 160 208 0 0
g 176 432 160 432 0 0
g 176 480 160 480 0 0
c 224 480 176 480 4 0.000047 8.999932501111834 0.001 0.1
c 224 432 176 432 4 0.000047 8.999932501111905 0.001 0.1
R 304 464 336 464 0 0 40 9 0 0 0.5
w 416 496 304 496 1
L 224 512 192 512 0 0 false 5 0
g 304 512 304 528 0 0
R 304 416 304 384 0 0 40 9 0 0 0.5
w 416 448 304 448 1
178 224 480 304 480 6 2 0.2 5.5e-322 75 10000000 0.021 180 0.003 0.004 0
r 464 416 528 416 0 180
r 464 496 528 496 0 90
g 528 496 528 512 0 0
g 528 448 528 464 0 0
l 416 416 464 416 0 0.2 4.499925751224193e-7 0
l 416 496 464 496 0 0.4 8.999851502448315e-7 0
c 224 208 176 208 4 0.000047 0.00014849754979052467 0.001 0.1
c 224 256 176 256 4 0.000047 0.00014849754979052467 0.001 0.1
l 416 448 464 448 0 0.2 4.499925751224193e-7 0
r 464 448 528 448 0 180
w 416 416 416 448 0
w 528 416 528 448 0
