$ 1 0.000005 2.5790339917193066 50 5 50 5e-11
178 240 512 336 512 6 1 0.2 0.02777777777777739 0.075 1000000000 0.02 180 0.003 0.004 1
g 336 544 336 560 0 0
L 240 544 208 544 0 1 false 5 0
c 240 512 176 512 4 0.000022 9.451462027053618e-7 0.001 0
g 176 512 160 512 0 0
R 336 496 368 496 0 0 40 5 0 0 0.5
178 608 208 528 208 6 2 0.2 0.011106483412717208 0.075 1000000000 0.02 180 0.003 0.004 0
w 608 304 608 272 0
w 656 304 656 272 0
g 528 272 528 288 0 0
g 736 272 736 288 0 0
w 528 224 528 240 0
g 688 304 704 304 0 0
w 688 384 688 528 0
w 624 384 624 448 0
w 672 384 672 448 0
207 688 528 736 528 4 EN
207 672 448 672 496 4 D0
207 624 448 624 496 4 D1
207 736 176 768 176 4 O0
207 528 176 496 176 4 O1
178 656 208 736 208 6 2 0.2 0.011106483412717208 0.075 1000000000 0.02 180 0.003 0.004 0
178 656 304 656 384 14 2 0.2 -5.297101929413229e-9 0.075 1000000000 0.02 180 0.003 0.004 0
M 736 144 736 128 6 2.5
M 528 144 528 128 6 2.5
R 592 400 560 400 0 0 40 2 0 0 0.5
w 528 240 528 272 0
c 528 272 608 272 4 0.000014999999999999999 -1.999167014291609 0.001 0
w 608 272 608 240 0
w 736 224 736 240 0
w 736 240 736 272 0
w 656 272 656 240 0
c 656 272 736 272 4 0.000014999999999999999 1.999167014291609 0.001 0
g 608 208 608 224 0 0
g 656 208 656 224 0 0
M 736 176 736 160 6 2.5
M 528 176 528 160 6 2.5
w 640 400 592 400 0
w 592 384 592 400 0
w 640 384 640 400 0
g 528 192 528 208 0 0
g 736 192 736 208 0 0
w 656 160 608 160 0
R 656 160 656 112 0 0 40 9.3 0 0 0.5
w 688 528 336 528 0
w 624 448 480 448 0
w 480 448 480 144 0
w 480 144 528 144 0
w 736 144 784 144 0
w 784 144 784 448 0
w 784 448 672 448 0
g 416 144 416 160 0 0
c 480 144 416 144 4 0.000014999999999999999 9.29999930195249 0.001 0
g 848 144 848 160 0 0
c 848 144 784 144 4 0.000014999999999999999 -9.29999930195249 0.001 0
