$ 0 0.00009999999999999999 0.39550767229205774 50 5 50 5e-11
207 544 1920 544 1984 4 CO
207 752 816 752 768 4 OE
207 800 1312 864 1312 4 S3
207 800 1264 864 1264 4 S2
207 800 1776 864 1776 4 S6
207 800 1824 864 1824 4 S7
207 800 1568 864 1568 4 S5
207 800 1520 864 1520 4 S4
207 480 1216 432 1216 4 A2
207 480 1856 432 1856 4 A7
207 480 1728 432 1728 4 A6
207 480 1600 432 1600 4 A5
207 480 1472 432 1472 4 A4
207 480 1344 432 1344 4 A3
207 480 1088 432 1088 4 A1
207 480 928 432 928 4 B0
207 480 1056 432 1056 4 B1
207 480 1184 432 1184 4 B2
207 480 1312 432 1312 4 B3
207 480 1440 432 1440 4 B4
207 480 1568 432 1568 4 B5
207 480 1696 432 1696 4 B6
207 480 960 432 960 4 A0
207 480 1824 432 1824 4 B7
w 752 816 752 1072 0
w 736 1072 752 1072 0
w 736 1056 800 1056 0
w 736 1008 800 1008 0
g 640 1072 640 1088 0 0
207 800 1056 864 1056 4 S1
207 800 1008 864 1008 4 S0
w 608 960 640 992 0
w 640 1040 608 1088 0
207 544 896 544 848 4 CI
w 640 1296 608 1344 0
w 608 1216 640 1248 0
g 640 1328 640 1344 0 0
w 736 1264 800 1264 0
w 736 1312 800 1312 0
w 736 1328 752 1328 0
w 752 1072 752 1328 0
w 640 1552 608 1600 0
w 608 1472 640 1504 0
g 640 1584 640 1600 0 0
w 736 1520 800 1520 0
w 736 1568 800 1568 0
w 736 1584 752 1584 0
w 752 1328 752 1584 0
w 640 1808 608 1856 0
w 608 1728 640 1760 0
g 640 1840 640 1856 0 0
w 736 1776 800 1776 0
w 736 1824 800 1824 0
w 736 1840 752 1840 0
w 752 1584 752 1840 0
M 736 1008 736 992 6 2.5
M 736 1056 736 1040 6 2.5
M 736 1264 736 1248 6 2.5
M 736 1312 736 1296 6 2.5
M 736 1520 736 1504 6 2.5
M 736 1568 736 1552 6 2.5
M 736 1776 736 1760 6 2.5
M 736 1824 736 1808 6 2.5
178 640 1040 736 1040 6 2 0.2 0 0.075 1000000000 0.02 180 0.003 0.004 0
178 640 1296 736 1296 6 2 0.2 0 0.075 1000000000 0.02 180 0.003 0.004 0
178 640 1552 736 1552 6 2 0.2 0 0.075 1000000000 0.02 180 0.003 0.004 0
178 640 1808 736 1808 6 2 0.2 0 0.075 1000000000 0.02 180 0.003 0.004 0
207 480 992 432 992 4 ~A0
207 480 1120 432 1120 4 ~A1
207 480 1248 432 1248 4 ~A2
207 480 1376 432 1376 4 ~A3
207 480 1504 432 1504 4 ~A4
207 480 1632 432 1632 4 ~A5
207 480 1760 432 1760 4 ~A6
207 480 1888 432 1888 4 ~A7
. FA 1 3 3 6 $A 1 0 2 $B 2 1 2 $CI 3 1 0 $CO 13 1 1 $S 14 1 3 ~$B 4 2 2 LogicInputElm\s6\rRelayElm\s3\s9\s6\s0\s8\rRelayElm\s1\s11\s6\s0\s5\rResistorElm\s0\s3\rResistorElm\s0\s1\rRelayElm\s13\s1\s2\s14\s2\s4\s3\s1\rLogicInputElm\s5\rLogicInputElm\s7\rLogicInputElm\s8\rRelayElm\s2\s16\s6\s0\s7\rRelayElm\s4\s18\s6\s0\s19\rInverterElm\s7\s21\rAndGateElm\s21\s6\s19 0\\s0\\sfalse\\s9.3\\s0\s6\\s1\\s0.2\\s0\\s0.075\\s1000000000\\s0.02\\s180\\s0.003\\s0.004\\s0\s6\\s1\\s0.2\\s0\\s0.075\\s1000000000\\s0.02\\s180\\s0.003\\s0.004\\s0\s0\\s156\s0\\s156\s6\\s2\\s0.2\\s-3.659130079248263e-131\\s0.075\\s1000000000\\s0.02\\s180\\s0.003\\s0.004\\s0\s0\\s0\\sfalse\\s5\\s0\s0\\s0\\sfalse\\s5\\s0\s0\\s0\\sfalse\\s5\\s0\s6\\s1\\s0.2\\s-1.6071446118818106e-50\\s0.075\\s1000000000\\s0.02\\s180\\s0.003\\s0.004\\s0\s6\\s1\\s0.2\\s-5.460964017568662e-47\\s0.075\\s1000000000\\s0.02\\s180\\s0.003\\s0.004\\s0\s0\\s0.5\\s5\s0\\s2\\s0\\s5
410 480 928 512 976 1 FA 0\s0\sfalse\s9.3\s0 6\s1\s0.2\s0\s0.075\s1000000000\s0.02\s180\s0.003\s0.004\s0 6\s1\s0.2\s0\s0.075\s1000000000\s0.02\s180\s0.003\s0.004\s0 0\s156 0\s156 6\s2\s0.2\s-1.5e-323\s0.075\s1000000000\s0.02\s180\s0.003\s0.004\s0 0\s0\sfalse\s5\s0 0\s0\sfalse\s5\s0 0\s0\sfalse\s5\s0 6\s1\s0.2\s-1.4062870859154411e-205\s0.075\s1000000000\s0.02\s180\s0.003\s0.004\s0 6\s1\s0.2\s-4.778464313527788e-202\s0.075\s1000000000\s0.02\s180\s0.003\s0.004\s0 0\s0.5\s5 0\s2\s0\s5
410 480 1056 512 1104 1 FA 0\s0\sfalse\s9.3\s0 6\s1\s0.2\s0\s0.075\s1000000000\s0.02\s180\s0.003\s0.004\s0 6\s1\s0.2\s0\s0.075\s1000000000\s0.02\s180\s0.003\s0.004\s0 0\s156 0\s156 6\s2\s0.2\s-2.5e-323\s0.075\s1000000000\s0.02\s180\s0.003\s0.004\s0 0\s0\sfalse\s5\s0 0\s0\sfalse\s5\s0 0\s0\sfalse\s5\s0 6\s1\s0.2\s-1.4562123590864356e-200\s0.075\s1000000000\s0.02\s180\s0.003\s0.004\s0 6\s1\s0.2\s-4.9481068698593256e-197\s0.075\s1000000000\s0.02\s180\s0.003\s0.004\s0 0\s0.5\s5 0\s2\s0\s5
410 480 1312 512 1360 1 FA 0\s0\sfalse\s9.3\s0 6\s1\s0.2\s0\s0.075\s1000000000\s0.02\s180\s0.003\s0.004\s0 6\s1\s0.2\s0\s0.075\s1000000000\s0.02\s180\s0.003\s0.004\s0 0\s156 0\s156 6\s2\s0.2\s-2.5e-323\s0.075\s1000000000\s0.02\s180\s0.003\s0.004\s0 0\s0\sfalse\s5\s0 0\s0\sfalse\s5\s0 0\s0\sfalse\s5\s0 6\s1\s0.2\s-3.3196636493465972e-198\s0.075\s1000000000\s0.02\s180\s0.003\s0.004\s0 6\s1\s0.2\s-1.1279982899787482e-194\s0.075\s1000000000\s0.02\s180\s0.003\s0.004\s0 0\s0.5\s5 0\s2\s0\s5
410 480 1184 512 1232 1 FA 0\s0\sfalse\s9.3\s0 6\s1\s0.2\s0\s0.075\s1000000000\s0.02\s180\s0.003\s0.004\s0 6\s1\s0.2\s0\s0.075\s1000000000\s0.02\s180\s0.003\s0.004\s0 0\s156 0\s156 6\s2\s0.2\s-2.5e-323\s0.075\s1000000000\s0.02\s180\s0.003\s0.004\s0 0\s0\sfalse\s5\s0 0\s0\sfalse\s5\s0 0\s0\sfalse\s5\s0 6\s1\s0.2\s-3.2058511868336294e-203\s0.075\s1000000000\s0.02\s180\s0.003\s0.004\s0 6\s1\s0.2\s-1.089325618089785e-199\s0.075\s1000000000\s0.02\s180\s0.003\s0.004\s0 0\s0.5\s5 0\s2\s0\s5
410 480 1568 512 1616 1 FA 0\s0\sfalse\s9.3\s0 6\s1\s0.2\s0\s0.075\s1000000000\s0.02\s180\s0.003\s0.004\s0 6\s1\s0.2\s0\s0.075\s1000000000\s0.02\s180\s0.003\s0.004\s0 0\s156 0\s156 6\s2\s0.2\s-2.5e-323\s0.075\s1000000000\s0.02\s180\s0.003\s0.004\s0 0\s0\sfalse\s5\s0 0\s0\sfalse\s5\s0 0\s0\sfalse\s5\s0 6\s1\s0.2\s-1.1029994194963576e-183\s0.075\s1000000000\s0.02\s180\s0.003\s0.004\s0 6\s1\s0.2\s-3.7479142180091977e-180\s0.075\s1000000000\s0.02\s180\s0.003\s0.004\s0 0\s0.5\s5 0\s2\s0\s5
410 480 1440 512 1488 1 FA 0\s0\sfalse\s9.3\s0 6\s1\s0.2\s0\s0.075\s1000000000\s0.02\s180\s0.003\s0.004\s0 6\s1\s0.2\s0\s0.075\s1000000000\s0.02\s180\s0.003\s0.004\s0 0\s156 0\s156 6\s2\s0.2\s-2.5e-323\s0.075\s1000000000\s0.02\s180\s0.003\s0.004\s0 0\s0\sfalse\s5\s0 0\s0\sfalse\s5\s0 0\s0\sfalse\s5\s0 6\s1\s0.2\s-1.0651838172717265e-188\s0.075\s1000000000\s0.02\s180\s0.003\s0.004\s0 6\s1\s0.2\s-3.6194194692948345e-185\s0.075\s1000000000\s0.02\s180\s0.003\s0.004\s0 0\s0.5\s5 0\s2\s0\s5
410 480 1824 512 1872 1 FA 0\s0\sfalse\s9.3\s0 6\s1\s0.2\s0\s0.075\s1000000000\s0.02\s180\s0.003\s0.004\s0 6\s1\s0.2\s0\s0.075\s1000000000\s0.02\s180\s0.003\s0.004\s0 0\s156 0\s156 6\s2\s0.2\s-1.5e-323\s0.075\s1000000000\s0.02\s180\s0.003\s0.004\s0 0\s0\sfalse\s5\s0 0\s0\sfalse\s5\s0 0\s0\sfalse\s5\s0 6\s1\s0.2\s-4.1602887749639506e-178\s0.075\s1000000000\s0.02\s180\s0.003\s0.004\s0 6\s1\s0.2\s-1.4136367775996781e-174\s0.075\s1000000000\s0.02\s180\s0.003\s0.004\s0 0\s0.5\s5 0\s2\s0\s5
410 480 1696 512 1744 1 FA 0\s0\sfalse\s9.3\s0 6\s1\s0.2\s0\s0.075\s1000000000\s0.02\s180\s0.003\s0.004\s0 6\s1\s0.2\s0\s0.075\s1000000000\s0.02\s180\s0.003\s0.004\s0 0\s156 0\s156 6\s2\s0.2\s-2.5e-323\s0.075\s1000000000\s0.02\s180\s0.003\s0.004\s0 0\s0\sfalse\s5\s0 0\s0\sfalse\s5\s0 0\s0\sfalse\s5\s0 6\s1\s0.2\s-4.017656038561e-183\s0.075\s1000000000\s0.02\s180\s0.003\s0.004\s0 6\s1\s0.2\s-1.3651711799511968e-179\s0.075\s1000000000\s0.02\s180\s0.003\s0.004\s0 0\s0.5\s5 0\s2\s0\s5
