$ 1 0.00009999999999999999 1.5642631884188172 41 5 50 5e-11
178 640 320 560 320 6 2 0.2 0.01110648340886018 0.075 1000000000 0.02 180 0.003 0.004 0
w 640 416 640 384 0
w 688 416 688 384 0
g 560 384 560 400 0 0
g 768 384 768 400 0 0
w 560 336 560 352 0
g 720 416 736 416 0 0
w -192 544 112 544 0
w 112 544 416 544 0
w 416 544 720 544 0
w 720 544 832 544 0
w 720 496 720 544 0
w 656 496 656 560 0
w 704 496 704 560 0
207 -256 560 -256 608 4 D7
207 -208 560 -208 608 4 D6
207 832 544 832 608 4 EN
207 96 560 96 608 4 D4
207 48 560 48 608 4 D5
207 400 560 400 608 4 D2
207 352 560 352 608 4 D3
207 704 560 704 608 4 D0
207 656 560 656 608 4 D1
207 768 288 800 288 4 O0
207 560 288 528 288 4 O1
207 768 256 800 256 4 ~O0
207 560 256 528 256 4 ~O1
207 432 80 432 128 4 D1
207 496 80 496 128 4 D0
207 304 80 304 128 4 D3
207 368 80 368 128 4 D2
207 176 80 176 128 4 D5
207 240 80 240 128 4 D4
207 576 80 576 128 4 EN
207 112 80 112 128 4 D6
207 48 80 48 128 4 D7
150 48 -32 48 48 0 2 0 5
150 112 -32 112 48 0 2 0 5
w 128 -32 128 -48 0
w 64 -32 64 -48 0
w 128 -48 64 -48 0
w 64 -48 0 -48 0
L 0 -48 -32 -48 0 0 false 5 0
L 32 -32 32 -96 2 0 false 5 0
L 96 -32 96 -96 2 0 false 5 0
L 224 -32 224 -96 2 0 false 5 0
L 160 -32 160 -96 2 0 false 5 0
w 192 -48 128 -48 0
w 256 -48 192 -48 0
w 192 -32 192 -48 0
w 256 -32 256 -48 0
150 240 -32 240 48 0 2 0 5
150 176 -32 176 48 0 2 0 5
L 352 -32 352 -96 2 0 false 5 0
L 288 -32 288 -96 2 0 false 5 0
w 320 -48 256 -48 0
w 384 -48 320 -48 0
w 320 -32 320 -48 0
w 384 -32 384 -48 0
150 368 -32 368 48 0 2 0 5
150 304 -32 304 48 0 2 0 5
L 480 -32 480 -96 2 0 false 5 0
L 416 -32 416 -96 2 0 false 5 0
w 448 -48 384 -48 0
w 512 -48 448 -48 0
w 448 -32 448 -48 0
w 512 -32 512 -48 0
150 496 -32 496 48 0 2 0 5
150 432 -32 432 48 0 2 0 5
L 560 -32 560 -96 2 0 false 5 0
w 592 -48 512 -48 0
w 592 -32 592 -48 0
150 576 -32 576 48 0 2 0 5
b -48 -128 624 144 0
178 688 320 768 320 6 2 0.2 0.01110648340886018 0.075 1000000000 0.02 180 0.003 0.004 0
178 688 416 688 496 14 2 0.2 -2e-323 0.075 1000000000 0.02 180 0.003 0.004 0
M 768 256 768 240 6 2.5
M 560 256 560 240 6 2.5
d 48 48 48 80 2 1N4004
d 112 48 112 80 2 1N4004
d 176 48 176 80 2 1N4004
d 240 48 240 80 2 1N4004
d 304 48 304 80 2 1N4004
d 368 48 368 80 2 1N4004
d 432 48 432 80 2 1N4004
d 496 48 496 80 2 1N4004
d 576 48 576 80 2 1N4004
R 832 512 864 512 0 0 40 2 0 0 0.5
w 560 352 560 384 0
c 560 384 640 384 4 0.000014999999999999999 -1.9991670135948327 0.001 0
w 640 384 640 352 0
w 768 336 768 352 0
w 768 352 768 384 0
w 688 384 688 352 0
c 688 384 768 384 4 0.000014999999999999999 1.9991670135948327 0.001 0
g 640 320 640 336 0 0
g 688 320 688 336 0 0
M 768 288 768 272 6 2.5
M 560 288 560 272 6 2.5
w 832 512 672 512 0
w 672 512 624 512 0
w 624 496 624 512 0
w 672 496 672 512 0
w 368 496 368 512 0
w 320 496 320 512 0
w 368 512 320 512 0
w 624 512 368 512 0
M 256 288 256 272 6 2.5
M 464 288 464 272 6 2.5
g 384 320 384 336 0 0
g 336 320 336 336 0 0
c 384 384 464 384 4 0.000014999999999999999 1.9991670135948327 0.001 0
w 384 384 384 352 0
w 464 352 464 384 0
w 464 336 464 352 0
w 336 384 336 352 0
c 256 384 336 384 4 0.000014999999999999999 -1.9991670135948327 0.001 0
w 256 352 256 384 0
M 256 256 256 240 6 2.5
M 464 256 464 240 6 2.5
178 384 416 384 496 14 2 0.2 -5e-324 0.075 1000000000 0.02 180 0.003 0.004 0
178 384 320 464 320 6 2 0.2 0.011106483408860182 0.075 1000000000 0.02 180 0.003 0.004 0
207 256 256 224 256 4 ~O3
207 464 256 496 256 4 ~O2
207 256 288 224 288 4 O3
207 464 288 496 288 4 O2
w 400 496 400 560 0
w 352 496 352 560 0
w 416 496 416 544 0
g 416 416 432 416 0 0
w 256 336 256 352 0
g 464 384 464 400 0 0
g 256 384 256 400 0 0
w 384 416 384 384 0
w 336 416 336 384 0
178 336 320 256 320 6 2 0.2 0.011106483408860182 0.075 1000000000 0.02 180 0.003 0.004 0
w 64 496 64 512 0
w 16 496 16 512 0
w 64 512 16 512 0
w 320 512 64 512 0
M -48 288 -48 272 6 2.5
M 160 288 160 272 6 2.5
g 80 320 80 336 0 0
g 32 320 32 336 0 0
c 80 384 160 384 4 0.000014999999999999999 1.9991670135948327 0.001 0
w 80 384 80 352 0
w 160 352 160 384 0
w 160 336 160 352 0
w 32 384 32 352 0
c -48 384 32 384 4 0.000014999999999999999 -1.9991670135948327 0.001 0
w -48 352 -48 384 0
M -48 256 -48 240 6 2.5
M 160 256 160 240 6 2.5
178 80 416 80 496 14 2 0.2 2e-323 0.075 1000000000 0.02 180 0.003 0.004 0
178 80 320 160 320 6 2 0.2 0.011106483408860182 0.075 1000000000 0.02 180 0.003 0.004 0
207 -48 256 -80 256 4 ~O5
207 160 256 192 256 4 ~O4
207 -48 288 -80 288 4 O5
207 160 288 192 288 4 O4
w 96 496 96 560 0
w 48 496 48 560 0
w 112 496 112 544 0
g 112 416 128 416 0 0
w -48 336 -48 352 0
g 160 384 160 400 0 0
g -48 384 -48 400 0 0
w 80 416 80 384 0
w 32 416 32 384 0
178 32 320 -48 320 6 2 0.2 0.011106483408860182 0.075 1000000000 0.02 180 0.003 0.004 0
w -240 496 -240 512 0
w -288 496 -288 512 0
w -240 512 -288 512 0
w 16 512 -240 512 0
M -352 288 -352 272 6 2.5
M -144 288 -144 272 6 2.5
g -224 320 -224 336 0 0
g -272 320 -272 336 0 0
c -224 384 -144 384 4 0.000014999999999999999 1.9991670135948327 0.001 0
w -224 384 -224 352 0
w -144 352 -144 384 0
w -144 336 -144 352 0
w -272 384 -272 352 0
c -352 384 -272 384 4 0.000014999999999999999 -1.9991670135948327 0.001 0
w -352 352 -352 384 0
M -352 256 -352 240 6 2.5
M -144 256 -144 240 6 2.5
178 -224 416 -224 496 14 2 0.2 5e-324 0.075 1000000000 0.02 180 0.003 0.004 0
178 -224 320 -144 320 6 2 0.2 0.011106483408860182 0.075 1000000000 0.02 180 0.003 0.004 0
207 -352 256 -384 256 4 ~O7
207 -144 256 -112 256 4 ~O6
207 -352 288 -384 288 4 O7
207 -144 288 -112 288 4 O6
w -208 496 -208 560 0
w -256 496 -256 560 0
w -192 496 -192 544 0
g -192 416 -176 416 0 0
w -352 336 -352 352 0
g -144 384 -144 400 0 0
g -352 384 -352 400 0 0
w -224 416 -224 384 0
w -272 416 -272 384 0
178 -272 320 -352 320 6 2 0.2 0.011106483408860182 0.075 1000000000 0.02 180 0.003 0.004 0
g -352 304 -352 320 0 0
g -144 304 -144 320 0 0
g -48 304 -48 320 0 0
g 160 304 160 320 0 0
g 256 304 256 320 0 0
g 464 304 464 320 0 0
g 560 304 560 320 0 0
g 768 304 768 320 0 0
w -224 272 -272 272 0
w 384 272 336 272 0
w 32 272 80 272 0
w 688 272 640 272 0
w -224 272 -224 208 0
w 80 272 80 208 0
w 384 272 384 208 0
w 688 272 688 208 0
w -224 208 80 208 0
w 80 208 384 208 0
w 384 208 688 208 0
w 688 208 832 208 0
207 832 208 864 208 4 Vout
