$ 1 0.0000049999999999999996 9.78399845368213 50 5 50 5e-11
207 848 192 848 224 4 A
207 912 192 912 224 4 B
207 1040 192 1040 224 4 CI
207 976 192 976 224 4 ~B
w 816 64 816 0 0
w 896 48 832 48 0
L 784 48 752 48 0 0 false 5 0
b 735 -79 1070 256 0
w 960 48 896 48 0
w 880 64 880 0 0
w 1024 48 976 48 0
w 1008 64 1008 0 0
x 735 354 1083 357 4 24 Full\sAdder\s-\sPropagate\sGenerate
b 707 321 1104 640 0
w 896 48 896 64 0
w 960 48 960 64 0
w 1024 48 1024 64 0
178 1040 144 1040 64 6 1 0.2 0 0.075 1000000000 0.02 180 0.003 0.004 0
g 1008 144 1008 160 0 0
w 1040 144 1040 192 0
178 848 144 848 64 6 1 0.2 0 0.075 1000000000 0.02 180 0.003 0.004 0
g 816 144 816 160 0 0
w 848 192 848 144 0
w 832 48 784 48 0
w 832 48 832 64 0
207 1024 416 1072 416 4 P
L 816 0 816 -48 0 0 false 5 0
L 880 0 880 -48 0 0 false 5 0
L 1008 0 1008 -48 0 0 false 5 0
x 747 374 1065 377 4 24 All\sinputs/outputs\sare\sLow\sHiZ
w 912 144 912 192 0
g 880 144 880 160 0 0
178 912 144 912 64 6 1 0.2 0 0.075 1000000000 0.02 180 0.003 0.004 0
w 976 144 976 192 0
g 944 144 944 160 0 0
178 976 144 976 64 6 1 0.2 0 0.075 1000000000 0.02 180 0.003 0.004 0
I 880 0 928 0 0 0.5 5
150 944 16 944 32 0 2 0 5
w 928 0 928 16 0
w 944 32 944 64 0
w 960 16 960 0 0
w 960 0 976 0 0
w 976 0 976 48 0
w 976 48 960 48 0
207 992 432 944 432 4 A
207 992 416 944 416 4 B
d 992 416 1024 416 2 1N5711
d 992 432 1024 432 2 1N5711
w 1024 432 1024 416 0
207 768 432 720 432 4 B
207 768 448 720 448 4 A
g 864 448 864 464 0 0
w 864 560 912 544 0
w 864 512 912 512 0
207 768 576 720 576 4 B
207 768 544 720 544 4 ~B
178 864 416 768 416 6 1 0.2 0 0.075 1000000000 0.02 180 0.003 0.004 0
M 864 560 864 544 4 2.5
M 864 512 864 528 4 2.5
M 1008 528 1008 512 4 2.5
g 912 560 912 576 0 0
g 864 592 864 608 0 0
178 1008 528 912 528 6 1 0.2 0 0.075 1000000000 0.02 180 0.003 0.004 0
207 864 416 912 416 4 G
207 768 496 720 496 4 B
207 768 528 720 528 4 ~B
207 768 592 720 592 4 A
207 1008 560 1056 560 4 CI
178 864 560 768 560 6 2 0.2 0 0.075 1000000000 0.02 180 0.003 0.004 0
207 1008 528 1056 528 4 S
M 864 416 864 400 4 2.5
. FA-PG 1 4 3 7 A 1 0 2 B 2 1 2 CI 3 2 0 G 24 2 3 P 13 1 3 S 27 0 3 ~B 4 2 2 LogicInputElm\s6\rRelayElm\s3\s9\s6\s0\s8\rRelayElm\s1\s11\s6\s0\s5\rLogicInputElm\s5\rLogicInputElm\s7\rLogicInputElm\s8\rRelayElm\s2\s14\s6\s0\s7\rRelayElm\s4\s16\s6\s0\s17\rInverterElm\s7\s19\rAndGateElm\s19\s6\s17\rDiodeElm\s2\s13\rDiodeElm\s1\s13\rRelayElm\s24\s25\s2\s0\s1\rLogicOutputElm\s22\rLogicOutputElm\s23\rLogicOutputElm\s27\rRelayElm\s27\s23\s22\s3\s0\rRelayElm\s22\s4\s2\s23\s2\s4\s0\s1\rLogicOutputElm\s24 0\\s1\\sfalse\\s5\\s0\s6\\s1\\s0.2\\s-5.5e-322\\s0.075\\s1000000000\\s0.02\\s180\\s0.003\\s0.004\\s0\s6\\s1\\s0.2\\s-5.5e-322\\s0.075\\s1000000000\\s0.02\\s180\\s0.003\\s0.004\\s0\s0\\s0\\sfalse\\s5\\s0\s0\\s0\\sfalse\\s5\\s0\s0\\s0\\sfalse\\s5\\s0\s6\\s1\\s0.2\\s-5.5e-322\\s0.075\\s1000000000\\s0.02\\s180\\s0.003\\s0.004\\s0\s6\\s1\\s0.2\\s-0.027777777777777395\\s0.075\\s1000000000\\s0.02\\s180\\s0.003\\s0.004\\s1\s0\\s0.5\\s5\s0\\s2\\s5\\s5\s2\\s1N5711\s2\\s1N5711\s6\\s1\\s0.2\\s-8.491615922349394e-9\\s0.075\\s1000000000\\s0.02\\s180\\s0.003\\s0.004\\s0\s4\\s2.5\s4\\s2.5\s4\\s2.5\s6\\s1\\s0.2\\s4.999999099998797e-9\\s0.075\\s1000000000\\s0.02\\s180\\s0.003\\s0.004\\s0\s6\\s2\\s0.2\\s-8.49161592234939e-9\\s0.075\\s1000000000\\s0.02\\s180\\s0.003\\s0.004\\s0\s4\\s2.5
410 832 704 880 720 1 FA-PG 0\s1\sfalse\s5\s0 6\s1\s0.2\s-5.5e-322\s0.075\s1000000000\s0.02\s180\s0.003\s0.004\s0 6\s1\s0.2\s-5.5e-322\s0.075\s1000000000\s0.02\s180\s0.003\s0.004\s0 0\s0\sfalse\s5\s0 0\s0\sfalse\s5\s0 0\s0\sfalse\s5\s0 6\s1\s0.2\s-5.5e-322\s0.075\s1000000000\s0.02\s180\s0.003\s0.004\s0 6\s1\s0.2\s-0.027777777777777395\s0.075\s1000000000\s0.02\s180\s0.003\s0.004\s1 0\s0.5\s5 0\s2\s0\s5 2\s1N5711 2\s1N5711 6\s1\s0.2\s-8.491615922349394e-9\s0.075\s1000000000\s0.02\s180\s0.003\s0.004\s0 4\s2.5 4\s2.5 4\s2.5 6\s1\s0.2\s4.999999099998797e-9\s0.075\s1000000000\s0.02\s180\s0.003\s0.004\s0 6\s2\s0.2\s-8.49161592234939e-9\s0.075\s1000000000\s0.02\s180\s0.003\s0.004\s0 4\s2.5
