$ 1 0.000005 10.20027730826997 50 5 50 5e-11
. DDL 1 3 5 8 D0 9 0 2 D1 10 1 2 EN 11 3 2 O0 4 0 3 O1 3 1 3 Vout 1 4 2 ~O0 8 3 3 ~O1 7 4 3 LogicOutputElm\s3\rLogicOutputElm\s4\rCapacitorElm\s5\s0\rCapacitorElm\s0\s6\rRailElm\s2\rLogicOutputElm\s7\rLogicOutputElm\s8\rRelayElm\s5\s2\s9\s6\s2\s10\s0\s11\rRelayElm\s0\s0\s0\s1\s8\s4\s5\s0\rRelayElm\s0\s0\s0\s1\s7\s3\s6\s0 6\\s2.5\s6\\s2.5\s4\\s0.000014999999999999999\\s1.9991670135948327\\s0.001\\s0\s4\\s0.000014999999999999999\\s-1.9991670135948327\\s0.001\\s0\s0\\s0\\s40\\s2\\s0\\s0\\s0.5\s6\\s2.5\s6\\s2.5\s14\\s2\\s0.2\\s-2e-323\\s0.075\\s1000000000\\s0.02\\s180\\s0.003\\s0.004\\s0\s6\\s2\\s0.2\\s0.01110648340886018\\s0.075\\s1000000000\\s0.02\\s180\\s0.003\\s0.004\\s0\s6\\s2\\s0.2\\s0.01110648340886018\\s0.075\\s1000000000\\s0.02\\s180\\s0.003\\s0.004\\s0
410 592 320 624 352 1 DDL 6\s2.5 6\s2.5 4\s0.000014999999999999999\s1.9991670163728523\s0.001\s0 4\s0.000014999999999999999\s-1.9991670163728552\s0.001\s0 0\s0\s40\s2\s0\s0\s0.5 6\s2.5 6\s2.5 14\s2\s0.2\s0\s0.075\s1000000000\s0.02\s180\s0.003\s0.004\s0 6\s2\s0.2\s0.01110644640028726\s0.075\s1000000000\s0.02\s180\s0.003\s0.004\s0 6\s2\s0.2\s0.01110644640024985\s0.075\s1000000000\s0.02\s180\s0.003\s0.004\s0
410 592 512 624 544 1 DDL 6\s2.5 6\s2.5 4\s0.000014999999999999999\s1.9991670163728523\s0.001\s0 4\s0.000014999999999999999\s-1.9991670163728552\s0.001\s0 0\s0\s40\s2\s0\s0\s0.5 6\s2.5 6\s2.5 14\s2\s0.2\s0\s0.075\s1000000000\s0.02\s180\s0.003\s0.004\s0 6\s2\s0.2\s0.01110644640028726\s0.075\s1000000000\s0.02\s180\s0.003\s0.004\s0 6\s2\s0.2\s0.01110644640024985\s0.075\s1000000000\s0.02\s180\s0.003\s0.004\s0
178 880 400 784 400 6 2 0.2 0 0.075 1000000000 0.02 180 0.003 0.004 0
w 720 320 784 336 0
w 720 416 784 368 0
w 720 352 784 384 0
w 720 448 784 416 0
g 880 432 880 448 0 0
w 784 432 784 720 0
w 784 720 480 720 0
L 480 720 448 720 2 0 false 5 0
L 480 752 448 752 2 0 false 5 0
L 480 608 448 608 2 0 false 5 0
L 480 416 448 416 2 0 false 5 0
w 480 416 592 416 0
w 592 608 480 608 0
R 592 448 592 496 0 0 40 9.3 0 0 0.5
R 592 640 592 688 0 0 40 9.3 0 0 0.5
w 720 640 1040 640 0
L 480 256 448 256 2 0 false 9.3 0
w 480 256 1104 256 0
w 1104 256 1104 368 0
178 1072 736 976 736 6 1 0.2 7.844815322538988e-9 0.075 1000000000 0.02 180 0.003 0.004 0
w 1104 624 1104 768 0
w 1072 768 1104 768 0
g 976 768 976 784 0 0
w 1072 736 1168 736 0
M 1168 736 1200 736 6 2.5
M 1168 560 1200 560 6 2.5
M 1168 432 1200 432 6 2.5
w 1040 640 1040 592 0
w 1040 400 1040 352 0
w 1040 352 880 352 0
w 720 608 1024 608 0
w 1024 608 1024 464 0
w 1024 464 1040 464 0
w 720 544 720 560 0
w 720 560 1040 560 0
w 720 512 976 512 0
w 880 400 1008 400 0
w 1008 400 1008 528 0
w 1008 528 1040 528 0
w 976 512 976 432 0
w 976 432 1040 432 0
x 356 725 430 728 4 24 s_SUB
x 355 759 431 762 4 24 s_ADD
x 406 264 430 267 4 24 CI
x 1221 743 1257 746 4 24 CO
w 544 208 544 352 0
w 544 352 544 544 0
w 544 544 544 640 0
w 560 640 560 512 0
w 560 512 560 320 0
w 560 320 560 208 0
d 544 160 544 208 2 default
d 560 160 560 208 2 default
L 544 160 544 128 2 0 false 5 0
L 560 160 560 128 2 0 false 5 0
. NC 1 1 1 1 \0 1 0 0 ResistorElm\s0\s1 0\\s10000
410 496 672 496 704 1 NC 0\s10000
410 528 672 528 704 1 NC 0\s10000
w 544 640 528 640 0
w 592 512 560 512 0
w 592 544 544 544 0
w 592 352 544 352 0
w 560 320 592 320 0
w 976 720 784 720 0
w 480 752 976 752 0
. FA 1 3 3 6 $A 1 0 2 $B 2 1 2 $CI 3 1 0 $CO 13 1 1 $S 14 1 3 ~$B 4 2 2 LogicInputElm\s6\rRelayElm\s3\s9\s6\s0\s8\rRelayElm\s1\s11\s6\s0\s5\rResistorElm\s0\s3\rResistorElm\s0\s1\rRelayElm\s13\s1\s2\s14\s2\s4\s3\s1\rLogicInputElm\s5\rLogicInputElm\s7\rLogicInputElm\s8\rRelayElm\s2\s16\s6\s0\s7\rRelayElm\s4\s18\s6\s0\s19\rInverterElm\s7\s21\rAndGateElm\s21\s6\s19 0\\s0\\sfalse\\s9.3\\s0\s6\\s1\\s0.2\\s0\\s0.075\\s1000000000\\s0.02\\s180\\s0.003\\s0.004\\s0\s6\\s1\\s0.2\\s0\\s0.075\\s1000000000\\s0.02\\s180\\s0.003\\s0.004\\s0\s0\\s156\s0\\s156\s6\\s2\\s0.2\\s-3.659130079248263e-131\\s0.075\\s1000000000\\s0.02\\s180\\s0.003\\s0.004\\s0\s0\\s0\\sfalse\\s5\\s0\s0\\s0\\sfalse\\s5\\s0\s0\\s0\\sfalse\\s5\\s0\s6\\s1\\s0.2\\s-1.6071446118818106e-50\\s0.075\\s1000000000\\s0.02\\s180\\s0.003\\s0.004\\s0\s6\\s1\\s0.2\\s-5.460964017568662e-47\\s0.075\\s1000000000\\s0.02\\s180\\s0.003\\s0.004\\s0\s0\\s0.5\\s5\s0\\s2\\s0\\s5
410 1040 400 1056 432 1 FA 0\s0\sfalse\s9.3\s0 6\s1\s0.2\s0\s0.075\s1000000000\s0.02\s180\s0.003\s0.004\s0 6\s1\s0.2\s0\s0.075\s1000000000\s0.02\s180\s0.003\s0.004\s0 0\s156 0\s156 6\s2\s0.2\s-6.142747597135519e-9\s0.075\s1000000000\s0.02\s180\s0.003\s0.004\s0 0\s0\sfalse\s5\s0 0\s0\sfalse\s5\s0 0\s0\sfalse\s5\s0 6\s1\s0.2\s0\s0.075\s1000000000\s0.02\s180\s0.003\s0.004\s0 6\s1\s0.2\s0\s0.075\s1000000000\s0.02\s180\s0.003\s0.004\s0 0\s0.5\s5 0\s2\s0\s5
410 1040 528 1056 560 1 FA 0\s0\sfalse\s9.3\s0 6\s1\s0.2\s0\s0.075\s1000000000\s0.02\s180\s0.003\s0.004\s0 6\s1\s0.2\s0\s0.075\s1000000000\s0.02\s180\s0.003\s0.004\s0 0\s156 0\s156 6\s2\s0.2\s-1.7075693210611855e-9\s0.075\s1000000000\s0.02\s180\s0.003\s0.004\s0 0\s0\sfalse\s5\s0 0\s0\sfalse\s5\s0 0\s0\sfalse\s5\s0 6\s1\s0.2\s0\s0.075\s1000000000\s0.02\s180\s0.003\s0.004\s0 6\s1\s0.2\s0\s0.075\s1000000000\s0.02\s180\s0.003\s0.004\s0 0\s0.5\s5 0\s2\s0\s5
