$ 0 0.0005 10.20027730826997 50 5 50 5e-11
g 928 2736 928 2752 0 0
r 864 2736 928 2736 0 10000
g 928 2464 928 2480 0 0
r 864 2464 928 2464 0 10000
g 928 2160 928 2176 0 0
r 864 2160 928 2160 0 10000
g 928 1888 928 1904 0 0
r 864 1888 928 1888 0 10000
g 928 1584 928 1600 0 0
r 864 1584 928 1584 0 10000
g 928 1312 928 1328 0 0
r 864 1312 928 1312 0 10000
r 864 736 928 736 0 10000
g 928 736 928 752 0 0
g 928 1008 928 1024 0 0
r 864 1008 928 1008 0 10000
w 224 1392 464 2816 0
w 464 2544 224 1360 0
w 224 1328 464 2240 0
w 224 1296 464 1968 0
w 464 1664 224 1264 0
w 224 1232 464 1392 0
w 224 1200 464 1088 0
w 224 1168 464 816 0
w 464 848 224 2288 0
w 464 1120 224 2320 0
w 464 1424 224 2352 0
w 464 1696 224 2384 0
w 224 2416 464 2000 0
w 224 2448 464 2272 0
w 224 2480 464 2576 0
w 224 2512 464 2848 0
178 576 1888 576 1968 6 2 0.2 -2.51651250131539e-7 0.05 10000000 0.02 20 0.015 0.005 0
R 576 1888 576 1856 0 0 40 5 0 0 0.5
R 624 1888 624 1856 0 0 40 5 0 0 0.5
w 464 1968 544 1968 0
g 544 1888 528 1888 0 0
178 560 2080 560 2000 6 2 0.2 -2.5165125013153907e-7 0.05 10000000 0.02 20 0.015 0.005 0
w 528 2000 464 2000 0
g 528 2080 512 2080 0 0
w 560 1968 544 2000 0
w 592 1968 592 2000 0
w 608 1968 624 2000 0
g 736 2000 720 2000 0 0
178 768 2080 768 2000 6 2 0.2 9.999959950159474e-7 0.05 10000000 0.02 20 0.015 0.005 0
g 720 1968 704 1968 0 0
178 752 1888 752 1968 6 2 0.2 4.999990000019382e-7 0.05 10000000 0.02 20 0.015 0.005 0
207 1056 1984 1120 1984 4 S4
R 768 2080 768 2112 0 0 40 5 0 0 0.5
R 816 2080 816 2112 0 0 40 5 0 0 0.5
w 608 2080 736 2080 0
w 720 1808 720 1888 0
w 800 1888 864 1888 0
w 800 2000 816 1968 0
w 784 2000 784 1968 0
w 752 2000 736 1968 0
w 560 2080 560 2112 0
w 560 2112 672 2112 0
w 720 2112 720 2160 0
w 672 2112 720 2112 0
w 672 2112 672 1872 0
w 672 1872 752 1872 0
w 752 1872 752 1888 0
w 752 2144 752 2160 0
w 672 2144 752 2144 0
w 672 2384 672 2144 0
w 672 2384 720 2384 0
w 560 2384 672 2384 0
w 560 2352 560 2384 0
w 752 2272 736 2240 0
w 784 2272 784 2240 0
w 800 2272 816 2240 0
w 800 2160 864 2160 0
w 608 2352 736 2352 0
R 816 2352 816 2384 0 0 40 5 0 0 0.5
R 768 2352 768 2384 0 0 40 5 0 0 0.5
178 752 2160 752 2240 6 2 0.2 4.999990000019117e-7 0.05 10000000 0.02 20 0.015 0.005 0
g 720 2240 704 2240 0 0
178 768 2352 768 2272 6 2 0.2 9.999959950160262e-7 0.05 10000000 0.02 20 0.015 0.005 0
g 736 2272 720 2272 0 0
w 608 2240 624 2272 0
w 592 2240 592 2272 0
w 560 2240 544 2272 0
g 528 2352 512 2352 0 0
w 528 2272 464 2272 0
178 560 2352 560 2272 6 2 0.2 -2.5165125013153907e-7 0.05 10000000 0.02 20 0.015 0.005 0
g 544 2160 528 2160 0 0
w 464 2240 544 2240 0
R 624 2160 624 2128 0 0 40 5 0 0 0.5
R 576 2160 576 2128 0 0 40 5 0 0 0.5
178 576 2160 576 2240 6 2 0.2 -2.51651250131539e-7 0.05 10000000 0.02 20 0.015 0.005 0
207 1056 2032 1120 2032 4 S5
178 992 2032 896 2032 6 2 0.2 3.8475074245613534e-38 0.05 1000000 0.02 20 0.015 0.005 0
w 864 1888 864 2000 0
w 864 2160 864 2048 0
w 864 2000 896 2000 0
w 864 2048 896 2048 0
g 896 2064 896 2080 0 0
w 992 1984 1056 1984 0
w 992 2032 1056 2032 0
w 992 2064 1008 2064 0
w 1008 1488 1008 2064 0
w 1008 2064 1008 2640 0
w 992 2640 1008 2640 0
w 992 2608 1056 2608 0
w 992 2560 1056 2560 0
g 896 2640 896 2656 0 0
w 864 2624 896 2624 0
w 864 2576 896 2576 0
w 864 2736 864 2624 0
w 864 2464 864 2576 0
178 992 2608 896 2608 6 2 0.2 3.8475074245613534e-38 0.05 1000000 0.02 20 0.015 0.005 0
207 1056 2608 1120 2608 4 S7
178 576 2736 576 2816 6 2 0.2 -2.51651250123678e-7 0.05 10000000 0.02 20 0.015 0.005 0
R 576 2736 576 2704 0 0 40 5 0 0 0.5
R 624 2736 624 2704 0 0 40 5 0 0 0.5
w 464 2816 544 2816 0
g 544 2736 528 2736 0 0
178 560 2928 560 2848 6 2 0.2 -2.516512501236782e-7 0.05 10000000 0.02 20 0.015 0.005 0
w 528 2848 464 2848 0
g 528 2928 512 2928 0 0
w 560 2816 544 2848 0
w 592 2816 592 2848 0
w 608 2816 624 2848 0
g 736 2848 720 2848 0 0
178 768 2928 768 2848 6 2 0.2 9.999959950159474e-7 0.05 10000000 0.02 20 0.015 0.005 0
g 720 2816 704 2816 0 0
178 752 2736 752 2816 6 2 0.2 4.999990000019382e-7 0.05 10000000 0.02 20 0.015 0.005 0
R 768 2928 768 2960 0 0 40 5 0 0 0.5
R 816 2928 816 2960 0 0 40 5 0 0 0.5
w 608 2928 736 2928 0
w 800 2736 864 2736 0
w 800 2848 816 2816 0
w 784 2848 784 2816 0
w 752 2848 736 2816 0
w 560 2928 560 2960 0
w 560 2960 672 2960 0
w 672 2960 720 2960 0
w 672 2960 672 2720 0
w 672 2720 752 2720 0
w 752 2720 752 2736 0
w 752 2448 752 2464 0
w 672 2448 752 2448 0
w 672 2688 672 2448 0
w 672 2688 720 2688 0
w 720 2688 720 2736 0
w 560 2688 672 2688 0
w 560 2656 560 2688 0
w 752 2576 736 2544 0
w 784 2576 784 2544 0
w 800 2576 816 2544 0
w 800 2464 864 2464 0
w 720 2384 720 2464 0
w 608 2656 736 2656 0
R 816 2656 816 2688 0 0 40 5 0 0 0.5
R 768 2656 768 2688 0 0 40 5 0 0 0.5
207 1056 2560 1120 2560 4 S6
178 752 2464 752 2544 6 2 0.2 4.999990000019117e-7 0.05 10000000 0.02 20 0.015 0.005 0
g 720 2544 704 2544 0 0
178 768 2656 768 2576 6 2 0.2 9.999959950160262e-7 0.05 10000000 0.02 20 0.015 0.005 0
g 736 2576 720 2576 0 0
w 608 2544 624 2576 0
w 592 2544 592 2576 0
w 560 2544 544 2576 0
g 528 2656 512 2656 0 0
w 528 2576 464 2576 0
178 560 2656 560 2576 6 2 0.2 -2.516512501236782e-7 0.05 10000000 0.02 20 0.015 0.005 0
g 544 2464 528 2464 0 0
w 464 2544 544 2544 0
R 624 2464 624 2432 0 0 40 5 0 0 0.5
R 576 2464 576 2432 0 0 40 5 0 0 0.5
178 576 2464 576 2544 6 2 0.2 -2.51651250123678e-7 0.05 10000000 0.02 20 0.015 0.005 0
178 576 1312 576 1392 6 2 0.2 -2.51651250131539e-7 0.05 10000000 0.02 20 0.015 0.005 0
R 576 1312 576 1280 0 0 40 5 0 0 0.5
R 624 1312 624 1280 0 0 40 5 0 0 0.5
w 464 1392 544 1392 0
g 544 1312 528 1312 0 0
178 560 1504 560 1424 6 2 0.2 -2.5165125013153896e-7 0.05 10000000 0.02 20 0.015 0.005 0
w 528 1424 464 1424 0
g 528 1504 512 1504 0 0
w 560 1392 544 1424 0
w 592 1392 592 1424 0
w 608 1392 624 1424 0
g 736 1424 720 1424 0 0
178 768 1504 768 1424 6 2 0.2 9.999959950159474e-7 0.05 10000000 0.02 20 0.015 0.005 0
g 720 1392 704 1392 0 0
178 752 1312 752 1392 6 2 0.2 4.999990000019382e-7 0.05 10000000 0.02 20 0.015 0.005 0
207 1056 1408 1120 1408 4 S2
R 768 1504 768 1536 0 0 40 5 0 0 0.5
R 816 1504 816 1536 0 0 40 5 0 0 0.5
w 608 1504 736 1504 0
w 720 1232 720 1312 0
w 800 1312 864 1312 0
w 800 1424 816 1392 0
w 784 1424 784 1392 0
w 752 1424 736 1392 0
w 560 1504 560 1536 0
w 560 1536 672 1536 0
w 720 1536 720 1584 0
w 672 1536 720 1536 0
w 672 1536 672 1296 0
w 672 1296 752 1296 0
w 752 1296 752 1312 0
w 752 1568 752 1584 0
w 672 1568 752 1568 0
w 672 1808 672 1568 0
w 672 1808 720 1808 0
w 560 1808 672 1808 0
w 560 1776 560 1808 0
w 752 1696 736 1664 0
w 784 1696 784 1664 0
w 800 1696 816 1664 0
w 800 1584 864 1584 0
w 608 1776 736 1776 0
R 816 1776 816 1808 0 0 40 5 0 0 0.5
R 768 1776 768 1808 0 0 40 5 0 0 0.5
178 752 1584 752 1664 6 2 0.2 4.999990000019117e-7 0.05 10000000 0.02 20 0.015 0.005 0
g 720 1664 704 1664 0 0
178 768 1776 768 1696 6 2 0.2 9.999959950160262e-7 0.05 10000000 0.02 20 0.015 0.005 0
g 736 1696 720 1696 0 0
w 608 1664 624 1696 0
w 592 1664 592 1696 0
w 560 1664 544 1696 0
g 528 1776 512 1776 0 0
w 528 1696 464 1696 0
178 560 1776 560 1696 6 2 0.2 -2.5165125013153896e-7 0.05 10000000 0.02 20 0.015 0.005 0
g 544 1584 528 1584 0 0
w 464 1664 544 1664 0
R 624 1584 624 1552 0 0 40 5 0 0 0.5
R 576 1584 576 1552 0 0 40 5 0 0 0.5
178 576 1584 576 1664 6 2 0.2 -2.51651250131539e-7 0.05 10000000 0.02 20 0.015 0.005 0
207 1056 1456 1120 1456 4 S3
178 992 1456 896 1456 6 2 0.2 3.8475074245613534e-38 0.05 1000000 0.02 20 0.015 0.005 0
w 864 1312 864 1424 0
w 864 1584 864 1472 0
w 864 1424 896 1424 0
w 864 1472 896 1472 0
g 896 1488 896 1504 0 0
w 992 1408 1056 1408 0
w 992 1456 1056 1456 0
w 992 1488 1008 1488 0
w 1008 912 1008 1488 0
w 1008 656 1008 912 0
w 992 912 1008 912 0
w 992 880 1056 880 0
w 992 832 1056 832 0
g 896 912 896 928 0 0
w 864 896 896 896 0
w 864 848 896 848 0
w 864 1008 864 896 0
w 864 736 864 848 0
207 1008 656 1008 608 4 OE
178 992 880 896 880 6 2 0.2 3.8475074245613534e-38 0.05 1000000 0.02 20 0.015 0.005 0
207 1056 880 1120 880 4 S1
178 576 1008 576 1088 6 2 0.2 -2.51651250123678e-7 0.05 10000000 0.02 20 0.015 0.005 0
R 576 1008 576 976 0 0 40 5 0 0 0.5
R 624 1008 624 976 0 0 40 5 0 0 0.5
w 464 1088 544 1088 0
g 544 1008 528 1008 0 0
178 560 1200 560 1120 6 2 0.2 -2.516512501236782e-7 0.05 10000000 0.02 20 0.015 0.005 0
w 528 1120 464 1120 0
g 528 1200 512 1200 0 0
w 560 1088 544 1120 0
w 592 1088 592 1120 0
w 608 1088 624 1120 0
g 736 1120 720 1120 0 0
178 768 1200 768 1120 6 2 0.2 9.999959950159474e-7 0.05 10000000 0.02 20 0.015 0.005 0
g 720 1088 704 1088 0 0
178 752 1008 752 1088 6 2 0.2 4.999990000019382e-7 0.05 10000000 0.02 20 0.015 0.005 0
207 720 2960 720 3024 4 CO
R 768 1200 768 1232 0 0 40 5 0 0 0.5
R 816 1200 816 1232 0 0 40 5 0 0 0.5
w 608 1200 736 1200 0
w 800 1008 864 1008 0
w 800 1120 816 1088 0
w 784 1120 784 1088 0
w 752 1120 736 1088 0
w 560 1200 560 1232 0
w 560 1232 672 1232 0
w 672 1232 720 1232 0
w 672 1232 672 992 0
w 672 992 752 992 0
w 752 992 752 1008 0
w 752 720 752 736 0
w 672 720 752 720 0
w 672 960 672 720 0
w 672 960 720 960 0
w 720 960 720 1008 0
w 560 960 672 960 0
w 560 928 560 960 0
w 752 848 736 816 0
w 784 848 784 816 0
w 800 848 816 816 0
w 800 736 864 736 0
w 720 656 720 736 0
w 608 928 736 928 0
R 816 928 816 960 0 0 40 5 0 0 0.5
R 768 928 768 960 0 0 40 5 0 0 0.5
207 1056 832 1120 832 4 S0
178 752 736 752 816 6 2 0.2 0 0.05 10000000 0.02 20 0.015 0.005 0
g 720 816 704 816 0 0
178 768 928 768 848 6 2 0.2 9.999959950160262e-7 0.05 10000000 0.02 20 0.015 0.005 0
g 736 848 720 848 0 0
w 608 816 624 848 0
w 592 816 592 848 0
w 560 816 544 848 0
g 528 928 512 928 0 0
w 528 848 464 848 0
178 560 928 560 848 6 2 0.2 -2.516512501236782e-7 0.05 10000000 0.02 20 0.015 0.005 0
g 544 736 528 736 0 0
w 464 816 544 816 0
R 624 736 624 704 0 0 40 5 0 0 0.5
R 576 736 576 704 0 0 40 5 0 0 0.5
178 576 736 576 816 6 2 0.2 -2.51651250123678e-7 0.05 10000000 0.02 20 0.015 0.005 0
207 720 656 656 656 4 CI
. Reg 1 4 11 18 D0 8 0 2 D1 10 1 2 D2 20 2 2 D3 22 3 2 D4 42 4 2 D5 44 5 2 D6 35 6 2 D7 37 7 2 IOE 12 9 2 O0 6 0 3 O1 3 1 3 O2 18 2 3 O3 19 3 3 O4 40 4 3 O5 41 5 3 O6 33 6 3 O7 30 7 3 RST 16 10 2 RelayElm\s1\s2\s3\s0\s3\rRelayElm\s1\s5\s6\s0\s6\rRelayElm\s8\s9\s6\s10\s11\s3\s12\s0\rRelayElm\s1\s14\s15\s0\s16\rRailElm\s14\rResistorElm\s15\s0\rRelayElm\s20\s21\s18\s22\s23\s19\s12\s0\rRelayElm\s1\s25\s18\s0\s18\rRelayElm\s1\s27\s19\s0\s19\rRelayElm\s1\s29\s30\s0\s30\rRelayElm\s1\s32\s33\s0\s33\rRelayElm\s35\s36\s33\s37\s38\s30\s12\s0\rRelayElm\s42\s43\s40\s44\s45\s41\s12\s0\rRelayElm\s1\s47\s40\s0\s40\rRelayElm\s1\s49\s41\s0\s41 6\\s1\\s0.2\\s-4.999989775032233e-7\\s0.05\\s10000000\\s0.02\\s20\\s0.015\\s0.005\\s0\s6\\s1\\s0.2\\s-4.999989775032232e-7\\s0.05\\s10000000\\s0.015\\s20\\s0.015\\s0.005\\s0\s14\\s2\\s0.2\\s0\\s0.05\\s1000000\\s0.02\\s20\\s0.015\\s0.005\\s0\s6\\s1\\s0.2\\s0\\s0.05\\s10000000\\s0.02\\s20\\s0.015\\s0.005\\s0\s0\\s0\\s40\\s5\\s0\\s0\\s0.5\s0\\s4700\s14\\s2\\s0.2\\s0\\s0.05\\s1000000\\s0.02\\s20\\s0.015\\s0.005\\s0\s6\\s1\\s0.2\\s-4.999989775032341e-7\\s0.05\\s10000000\\s0.015\\s20\\s0.015\\s0.005\\s0\s6\\s1\\s0.2\\s-4.999989775032342e-7\\s0.05\\s10000000\\s0.02\\s20\\s0.015\\s0.005\\s0\s6\\s1\\s0.2\\s-4.999989775032233e-7\\s0.05\\s10000000\\s0.02\\s20\\s0.015\\s0.005\\s0\s6\\s1\\s0.2\\s-4.999989775032232e-7\\s0.05\\s10000000\\s0.015\\s20\\s0.015\\s0.005\\s0\s14\\s2\\s0.2\\s0\\s0.05\\s1000000\\s0.02\\s20\\s0.015\\s0.005\\s0\s14\\s2\\s0.2\\s0\\s0.05\\s1000000\\s0.02\\s20\\s0.015\\s0.005\\s0\s6\\s1\\s0.2\\s-4.999989775032341e-7\\s0.05\\s10000000\\s0.015\\s20\\s0.015\\s0.005\\s0\s6\\s1\\s0.2\\s-4.999989775032342e-7\\s0.05\\s10000000\\s0.02\\s20\\s0.015\\s0.005\\s0
410 64 1168 112 1280 1 Reg 6\s1\s0.2\s-2.5165125012367855e-7\s0.05\s10000000\s0.02\s20\s0.015\s0.005\s0 6\s1\s0.2\s-2.5165125012367845e-7\s0.05\s10000000\s0.015\s20\s0.015\s0.005\s0 14\s2\s0.2\s3.9405413343039815e-44\s0.05\s1000000\s0.02\s20\s0.015\s0.005\s0 6\s1\s0.2\s-1.5678854633855016e-43\s0.05\s10000000\s0.02\s20\s0.015\s0.005\s0 0\s0\s40\s5\s0\s0\s0.5 0\s4700 14\s2\s0.2\s3.9405413343039815e-44\s0.05\s1000000\s0.02\s20\s0.015\s0.005\s0 6\s1\s0.2\s-2.5165125013153933e-7\s0.05\s10000000\s0.015\s20\s0.015\s0.005\s0 6\s1\s0.2\s-2.5165125013153933e-7\s0.05\s10000000\s0.02\s20\s0.015\s0.005\s0 6\s1\s0.2\s-2.5165125012367845e-7\s0.05\s10000000\s0.02\s20\s0.015\s0.005\s0 6\s1\s0.2\s-2.516512501236783e-7\s0.05\s10000000\s0.015\s20\s0.015\s0.005\s0 14\s2\s0.2\s3.9405413343039815e-44\s0.05\s1000000\s0.02\s20\s0.015\s0.005\s0 14\s2\s0.2\s3.9405413343039815e-44\s0.05\s1000000\s0.02\s20\s0.015\s0.005\s0 6\s1\s0.2\s-2.516512501315394e-7\s0.05\s10000000\s0.015\s20\s0.015\s0.005\s0 6\s1\s0.2\s-2.516512501315394e-7\s0.05\s10000000\s0.02\s20\s0.015\s0.005\s0
410 64 2288 112 2400 1 Reg 6\s1\s0.2\s-2.5165125012367813e-7\s0.05\s10000000\s0.02\s20\s0.015\s0.005\s0 6\s1\s0.2\s-2.5165125012367813e-7\s0.05\s10000000\s0.015\s20\s0.015\s0.005\s0 14\s2\s0.2\s1.8436425358080453e-36\s0.05\s1000000\s0.02\s20\s0.015\s0.005\s0 6\s1\s0.2\s-1.0259288439039885e-41\s0.05\s10000000\s0.02\s20\s0.015\s0.005\s0 0\s0\s40\s5\s0\s0\s0.5 0\s4700 14\s2\s0.2\s1.8436425358080453e-36\s0.05\s1000000\s0.02\s20\s0.015\s0.005\s0 6\s1\s0.2\s-2.516512501315392e-7\s0.05\s10000000\s0.015\s20\s0.015\s0.005\s0 6\s1\s0.2\s-2.516512501315392e-7\s0.05\s10000000\s0.02\s20\s0.015\s0.005\s0 6\s1\s0.2\s-2.5165125012367823e-7\s0.05\s10000000\s0.02\s20\s0.015\s0.005\s0 6\s1\s0.2\s-2.5165125012367823e-7\s0.05\s10000000\s0.015\s20\s0.015\s0.005\s0 14\s2\s0.2\s1.8436425358080453e-36\s0.05\s1000000\s0.02\s20\s0.015\s0.005\s0 14\s2\s0.2\s1.8436425358080453e-36\s0.05\s1000000\s0.02\s20\s0.015\s0.005\s0 6\s1\s0.2\s-2.516512501315392e-7\s0.05\s10000000\s0.015\s20\s0.015\s0.005\s0 6\s1\s0.2\s-2.516512501315392e-7\s0.05\s10000000\s0.02\s20\s0.015\s0.005\s0
207 64 1168 0 1168 4 S0
207 64 1200 0 1200 4 S1
207 64 1264 0 1264 4 S3
207 64 1232 0 1232 4 S2
207 64 1360 0 1360 4 S6
207 64 1392 0 1392 4 S7
207 64 1328 0 1328 4 S5
207 64 1296 0 1296 4 S4
207 64 2416 0 2416 4 S4
207 64 2448 0 2448 4 S5
207 64 2512 0 2512 4 S7
207 64 2480 0 2480 4 S6
207 64 2352 0 2352 4 S2
207 64 2384 0 2384 4 S3
207 64 2320 0 2320 4 S1
207 64 2288 0 2288 4 S0
207 -80 1920 -144 1920 4 S4
207 -80 1952 -144 1952 4 S5
207 -80 2016 -144 2016 4 S7
207 -80 1984 -144 1984 4 S6
207 -80 1856 -144 1856 4 S2
207 -80 1888 -144 1888 4 S3
207 -80 1824 -144 1824 4 S1
207 -80 1792 -144 1792 4 S0
207 -80 2080 -144 2080 4 OE
L -80 2080 -48 2080 0 0 false 5 0
L 64 1456 32 1456 0 0 false 5 0
L 64 1488 32 1488 0 0 false 5 0
L 64 2576 32 2576 0 0 false 5 0
L 64 2608 32 2608 0 0 false 5 0
L -64 1792 -32 1792 2 0 false 5 0
L -64 1824 -32 1824 2 0 false 5 0
L -64 1856 -32 1856 2 0 false 5 0
L -64 1888 -32 1888 2 0 false 5 0
L -64 1920 -32 1920 2 0 false 5 0
L -64 1952 -32 1952 2 0 false 5 0
L -64 1984 -32 1984 2 0 false 5 0
L -64 2016 -32 2016 2 0 false 5 0
