$ 1 0.000005 10.20027730826997 50 5 50 5e-11
207 832 208 864 208 4 Vout
w 688 208 832 208 0
w 688 272 688 208 0
w 688 272 640 272 0
g 768 304 768 320 0 0
g 560 304 560 320 0 0
w 672 496 672 512 0
w 624 496 624 512 0
w 672 512 624 512 0
w 832 512 672 512 0
M 560 288 560 272 6 2.5
M 768 288 768 272 6 2.5
g 688 320 688 336 0 0
g 640 320 640 336 0 0
c 688 384 768 384 4 0.000014999999999999999 1.9991670135948327 0.001 0
w 688 384 688 352 0
w 768 352 768 384 0
w 768 336 768 352 0
w 640 384 640 352 0
c 560 384 640 384 4 0.000014999999999999999 -1.9991670135948327 0.001 0
w 560 352 560 384 0
R 832 512 864 512 0 0 40 2 0 0 0.5
M 560 256 560 240 6 2.5
M 768 256 768 240 6 2.5
178 688 416 688 496 14 2 0.2 -2e-323 0.075 1000000000 0.02 180 0.003 0.004 0
178 688 320 768 320 6 2 0.2 0.01110648340886018 0.075 1000000000 0.02 180 0.003 0.004 0
207 560 256 528 256 4 ~O1
207 768 256 800 256 4 ~O0
207 560 288 528 288 4 O1
207 768 288 800 288 4 O0
207 656 560 656 608 4 D1
207 704 560 704 608 4 D0
207 832 544 832 608 4 EN
w 704 496 704 560 0
w 656 496 656 560 0
w 720 496 720 544 0
w 720 544 832 544 0
g 720 416 736 416 0 0
w 560 336 560 352 0
g 768 384 768 400 0 0
g 560 384 560 400 0 0
w 688 416 688 384 0
w 640 416 640 384 0
178 640 320 560 320 6 2 0.2 0.01110648340886018 0.075 1000000000 0.02 180 0.003 0.004 0
