$ 1 0.0000049999999999999996 2.688763906446752 50 5 50 5e-11
207 848 192 848 224 4 $A
207 912 192 912 224 4 $B
207 1040 192 1040 224 4 $CI
207 976 192 976 224 4 ~$B
w 816 64 816 0 0
w 896 48 832 48 0
L 784 48 752 48 0 0 false 9.3 0
b 735 -79 1070 256 0
w 960 48 896 48 0
w 880 64 880 0 0
w 1024 48 976 48 0
w 1008 64 1008 0 0
x 793 393 1033 396 4 24 Full\sAdder\s-\sCombined
b 786 369 1039 608 0
w 896 48 896 64 0
w 960 48 960 64 0
w 1024 48 1024 64 0
178 1040 144 1040 64 6 1 0.2 0 0.075 1000000000 0.02 180 0.003 0.004 0
g 1008 144 1008 160 0 0
w 1040 144 1040 192 0
178 848 144 848 64 6 1 0.2 0 0.075 1000000000 0.02 180 0.003 0.004 0
g 816 144 816 160 0 0
w 848 192 848 144 0
w 832 48 784 48 0
w 832 48 832 64 0
r 960 576 960 528 0 156
r 864 576 864 528 0 156
w 1040 496 960 496 0
w 960 448 1040 448 0
w 960 528 1040 528 0
w 784 464 864 464 0
w 832 528 864 528 0
w 784 528 832 528 0
207 1040 496 1088 496 4 $CO
207 1040 448 1088 448 4 $S
178 960 496 864 496 6 2 0.2 -3.204155574981546e-120 0.075 1000000000 0.02 180 0.003 0.004 0
207 1040 528 1088 528 4 $CI
207 784 528 736 528 4 $A
207 784 464 736 464 4 ~$B
207 800 432 736 432 4 $B
w 800 432 864 432 0
g 864 576 864 592 0 0
g 960 576 960 592 0 0
w 864 480 832 480 0
w 832 480 832 528 0
w 800 432 800 512 0
w 800 512 864 512 0
L 816 0 816 -48 0 0 false 5 0
L 880 0 880 -48 0 0 false 5 0
L 1008 0 1008 -48 0 0 false 5 0
x 781 361 1045 364 4 24 All\sinputs/outputs\sare\sHV
w 912 144 912 192 0
g 880 144 880 160 0 0
178 912 144 912 64 6 1 0.2 -1.6783538583033027e-46 0.075 1000000000 0.02 180 0.003 0.004 0
w 976 144 976 192 0
g 944 144 944 160 0 0
178 976 144 976 64 6 1 0.2 -5.702928013559408e-43 0.075 1000000000 0.02 180 0.003 0.004 0
I 880 0 928 0 0 0.5 5
150 944 16 944 32 0 2 0 5
w 928 0 928 16 0
w 944 32 944 64 0
w 960 16 960 0 0
w 960 0 976 0 0
w 976 0 976 48 0
w 976 48 960 48 0
