$ 1 0.000005 10.20027730826997 50 5 50 5e-11
x 246 1098 494 1101 4 24 $A\s\a\s$B\s\a\s$CO\sare\sHV
L 400 736 400 688 0 0 false 5 0
L 320 736 320 688 0 0 false 5 0
g 416 1312 416 1328 0 0
g 320 1312 320 1328 0 0
207 496 1264 544 1264 4 $B
207 240 1264 192 1264 4 $A
178 320 1232 416 1232 6 2 0.2 0 0.075 1000000000 0.02 180 0.003 0.004 0
207 496 1200 544 1200 4 S
207 240 1232 192 1232 4 $CO
w 240 1264 320 1264 0
w 416 1264 464 1264 0
w 416 1168 496 1168 0
r 320 1312 320 1264 0 156
r 416 1312 416 1264 0 156
w 336 784 336 800 0
w 336 784 304 784 0
w 352 928 352 880 0
g 320 880 320 896 0 0
178 352 880 352 800 6 1 0.2 0 0.075 1000000000 0.02 180 0.003 0.004 0
w 432 880 432 928 0
g 400 880 400 896 0 0
178 432 880 432 800 6 1 0.2 0 0.075 1000000000 0.02 180 0.003 0.004 0
w 416 784 416 800 0
b 242 1105 495 1344 0
x 249 1129 493 1132 4 24 Half\sAdder\s-\sCombined
w 400 800 400 736 0
b 257 656 480 991 0
L 304 784 272 784 0 0 false 9.3 0
w 320 800 320 736 0
207 432 928 432 960 4 $B
207 352 928 352 960 4 $A
w 416 1200 496 1200 0
207 496 1168 544 1168 4 ~S
R 320 1184 288 1184 0 0 40 5 0 0 0.5
M 416 1200 432 1184 4 2.5
M 416 1168 416 1184 4 2.5
w 336 784 416 784 0
w 240 1232 320 1232 0
w 416 1216 464 1216 0
w 464 1216 464 1264 0
w 464 1264 496 1264 0
g 416 1248 432 1248 0 0
