$ 1 0.00009999999999999999 85.40587625261516 50 5 50 5e-11
w 576 368 576 256 0
154 704 272 816 272 0 2 0 5
w 672 256 704 256 0
w 704 288 688 288 0
152 704 352 800 352 0 2 5 5
w 816 272 928 272 0
M 928 272 976 272 2 2.5
w 800 352 800 416 0
w 800 416 688 416 0
w 688 416 688 480 0
M 928 464 976 464 2 2.5
w 816 464 928 464 0
w 704 560 688 560 0
w 688 480 688 560 0
w 704 480 688 480 0
w 672 528 704 528 0
w 672 448 672 528 0
w 672 448 704 448 0
w 496 448 672 448 0
154 704 464 816 464 0 2 5 5
150 704 544 816 544 0 2 0 5
w 688 288 688 192 0
I 576 256 672 256 0 0.5 5
w 688 288 688 336 0
w 688 336 704 336 0
w 704 368 576 368 0
b 499 193 926 619 0
b 512 400 912 580 0
x 523 425 556 428 4 24 HA
x 506 216 612 219 4 24 INC\sCarry
w 816 544 928 544 0
M 928 544 976 544 2 2.5
x 930 260 960 263 4 24 D0
x 928 456 958 459 4 24 D1
x 930 537 966 540 4 24 CO
w 576 256 496 256 0
x 686 608 726 611 4 48 ...
x 1438 608 1478 611 4 48 ...
w 1328 256 1248 256 0
x 1682 537 1718 540 4 24 CO
x 1680 456 1710 459 4 24 D1
x 1682 244 1712 247 4 24 D0
M 1680 544 1728 544 2 2.5
w 1568 544 1680 544 0
x 1258 216 1408 219 4 24 INC\sw/o\sCarry
x 1275 425 1308 428 4 24 HA
b 1264 400 1664 580 0
b 1251 193 1678 619 0
w 1440 256 1328 256 0
I 1440 256 1536 256 0 0.5 5
150 1456 544 1568 544 0 2 0 5
154 1456 464 1568 464 0 2 5 5
w 1248 448 1424 448 0
w 1424 448 1456 448 0
w 1424 448 1424 528 0
w 1424 528 1456 528 0
w 1456 480 1440 480 0
w 1440 480 1440 560 0
w 1456 560 1440 560 0
w 1568 464 1680 464 0
M 1680 464 1728 464 2 2.5
w 1440 304 1440 480 0
M 1680 256 1728 256 2 2.5
w 1536 256 1680 256 0
w 1440 304 1440 256 0
207 496 256 448 256 4 A0
207 496 448 448 448 4 A1
207 688 192 688 144 4 CI
207 1248 448 1200 448 4 A1
207 1248 256 1200 256 4 A0
L 1024 80 1024 48 2 1 false 5 0
L 1152 80 1152 48 2 0 false 5 0
b 992 32 1185 176 0
x 1050 25 1122 28 4 24 \sInputs
b 515 775 910 1121 0
w 1152 80 1152 128 0
w 1024 80 1056 80 0
I 1056 80 1056 128 0 0.5 5
w 1024 80 1024 128 0
w 1088 80 1088 128 0
I 1120 80 1120 128 0 0.5 5
w 1088 80 1120 80 0
L 1088 80 1088 48 2 0 false 5 0
207 1120 128 1120 160 4 ~A1
207 1088 128 1088 160 4 A1
207 1056 128 1056 160 4 ~A0
207 1024 128 1024 160 4 A0
207 1152 128 1152 160 4 CI
x 833 1045 863 1048 4 24 D1
M 784 1008 816 1008 2 2.5
x 832 1083 862 1086 4 24 C1
M 784 1072 816 1072 2 2.5
207 656 1072 608 1072 4 A1
207 576 992 528 992 4 A0
207 576 1024 528 1024 4 CI
M 752 864 800 864 2 2.5
x 821 836 851 839 4 24 D0
207 656 880 608 880 4 A0
207 752 880 800 880 4 CI
178 656 848 752 848 6 1 0.2 0.027777777777777762 0.075 1000000000 0.02 180 0.003 0.004 1
x 519 801 625 804 4 24 INC\sCarry
M 784 1040 816 1040 2 2.5
x 832 1015 862 1018 6 24 D1
M 752 832 800 832 2 2.5
x 821 868 851 871 6 24 D0
M 752 864 752 848 4 2.5
M 752 832 752 816 4 2.5
R 656 848 624 848 0 0 40 5 0 0 0.5
152 576 1008 656 1008 0 2 5.000000000000002 5
. HA 1 3 3 5 $A 4 0 2 $B 3 1 2 $CO 5 2 3 S 8 1 3 ~S 7 0 3 LogicInputElm\s1\rLogicInputElm\s2\rRelayElm\s5\s3\s0\s6\s7\s8\s4\s3\rResistorElm\s0\s4\rResistorElm\s0\s3\rRelayElm\s4\s11\s10\s0\s2\rRelayElm\s3\s13\s10\s0\s1\rLogicInputElm\s10\rRailElm\s6\rLogicOutputElm\s8\rLogicOutputElm\s7 0\\s0\\sfalse\\s5\\s0\s0\\s0\\sfalse\\s5\\s0\s6\\s2\\s0.2\\s0\\s0.075\\s1000000000\\s0.02\\s180\\s0.003\\s0.004\\s0\s0\\s156\s0\\s156\s6\\s1\\s0.2\\s0\\s0.075\\s1000000000\\s0.02\\s180\\s0.003\\s0.004\\s0\s6\\s1\\s0.2\\s0\\s0.075\\s1000000000\\s0.02\\s180\\s0.003\\s0.004\\s0\s0\\s0\\sfalse\\s9.3\\s0\s0\\s0\\s40\\s5\\s0\\s0\\s0.5\s4\\s2.5\s4\\s2.5
410 656 1008 672 1008 1 HA 0\s0\sfalse\s5\s0 0\s0\sfalse\s5\s0 6\s2\s0.2\s0.027777777777777773\s0.075\s1000000000\s0.02\s180\s0.003\s0.004\s1 0\s156 0\s156 6\s1\s0.2\s0\s0.075\s1000000000\s0.02\s180\s0.003\s0.004\s0 6\s1\s0.2\s0\s0.075\s1000000000\s0.02\s180\s0.003\s0.004\s0 0\s0\sfalse\s9.3\s0 0\s0\s40\s5\s0\s0\s0.5 4\s2.5 4\s2.5
w 656 1072 656 1040 0
