$ 1 0.00009999999999999999 0.2954511527092107 41 5 50 5e-11
178 560 352 640 352 6 2 0.2 -1.3327793033270511e-9 0.075 1000000000 0.02 180 0.003 0.004 0
w 640 448 640 384 0
w 688 448 688 384 0
g 560 384 560 400 0 0
g 768 384 768 400 0 0
w 640 368 640 384 0
w 688 368 688 384 0
g 704 448 720 448 0 0
w 544 224 784 224 0
w 784 224 784 352 0
R 976 208 1008 208 0 0 40 2 0 0 0.5
g 832 256 832 272 0 0
g 976 240 992 240 0 0
r 912 240 976 240 0 4700
g 432 448 448 448 0 0
w 416 368 416 384 0
w 368 368 368 384 0
g 496 384 496 400 0 0
g 288 384 288 400 0 0
w 416 448 416 384 0
w 368 448 368 384 0
w -176 448 -176 384 0
w -128 448 -128 384 0
g -256 384 -256 400 0 0
g -48 384 -48 400 0 0
w -176 368 -176 384 0
w -128 368 -128 384 0
g -112 448 -96 448 0 0
w -272 352 -272 224 0
w -272 224 -32 224 0
w -32 224 -32 352 0
w 0 224 -32 224 0
w 0 352 0 224 0
g 160 448 176 448 0 0
w 144 368 144 384 0
w 96 368 96 384 0
g 224 384 224 400 0 0
g 16 384 16 400 0 0
w 144 448 144 384 0
w 96 448 96 384 0
w 912 544 912 256 0
w -112 528 -112 544 0
w -112 544 160 544 0
w 160 544 432 544 0
w 432 544 704 544 0
w 704 544 880 544 0
w 704 528 704 544 0
w 432 528 432 544 0
w 160 528 160 544 0
w -192 528 -192 560 0
w -144 528 -144 560 0
w 80 528 80 560 0
w 128 528 128 560 0
w 352 528 352 560 0
w 400 528 400 560 0
w 624 528 624 560 0
w 672 528 672 560 0
207 -192 560 -192 608 4 D7
207 -144 560 -144 608 4 D6
207 880 544 880 608 4 IOE
207 912 544 912 608 4 RST
207 128 560 128 608 4 D4
207 80 560 80 608 4 D5
207 400 560 400 608 4 D2
207 352 560 352 608 4 D3
207 672 560 672 608 4 D0
207 624 560 624 608 4 D1
207 -176 288 -160 272 4 O7
207 -128 288 -144 272 4 O6
207 144 288 128 272 4 O4
207 96 288 112 272 4 O5
207 416 288 400 272 4 O2
207 368 288 384 272 4 O3
207 688 288 672 272 4 O0
207 640 288 656 272 4 O1
R -256 304 -304 304 0 0 40 5 0 0 0.5
w -48 304 -16 304 0
w -16 304 16 304 0
R -16 304 -16 288 0 0 40 5 0 0 0.5
w -48 352 -32 352 0
w 16 352 0 352 0
w 288 352 272 352 0
w 224 352 240 352 0
R 256 304 256 288 0 0 40 5 0 0 0.5
w 256 304 288 304 0
w 224 304 256 304 0
w 272 352 272 224 0
w 240 224 240 352 0
w 560 352 544 352 0
w 496 352 512 352 0
R 528 304 528 288 0 0 40 5 0 0 0.5
w 528 304 560 304 0
w 496 304 528 304 0
w 544 352 544 224 0
w 512 224 512 352 0
w 784 352 768 352 0
w -272 352 -256 352 0
207 -176 320 -160 304 4 ~O7
207 -128 320 -144 304 4 ~O6
207 144 320 128 304 4 ~O4
207 96 320 112 304 4 ~O5
207 416 320 400 304 4 ~O2
207 368 320 384 304 4 ~O3
207 688 320 672 304 4 ~O0
207 640 320 656 304 4 ~O1
w 544 224 512 224 0
w 512 224 272 224 0
w 272 224 240 224 0
w 240 224 0 224 0
207 432 48 432 96 4 D1
207 496 48 496 96 4 D0
207 304 48 304 96 4 D3
207 368 48 368 96 4 D2
207 176 48 176 96 4 D5
207 240 48 240 96 4 D4
207 640 48 640 96 4 RST
207 576 48 576 96 4 IOE
207 112 48 112 96 4 D6
207 48 48 48 96 4 D7
150 48 -32 48 48 0 2 -1.4791141971784635e-32 5
150 112 -32 112 48 0 2 -4.067564042240775e-32 5
w 128 -32 128 -48 0
w 64 -32 64 -48 0
w 128 -48 64 -48 0
w 64 -48 0 -48 0
L 0 -48 -32 -48 0 0 false 5 0
L 32 -32 32 -96 2 0 false 5 0
L 96 -32 96 -96 2 0 false 5 0
L 224 -32 224 -96 2 0 false 5 0
L 160 -32 160 -96 2 0 false 5 0
w 192 -48 128 -48 0
w 256 -48 192 -48 0
w 192 -32 192 -48 0
w 256 -32 256 -48 0
150 240 -32 240 48 0 2 -3.328006943651543e-32 5
150 176 -32 176 48 0 2 -1.8488927464730795e-32 5
L 352 -32 352 -96 2 0 false 5 0
L 288 -32 288 -96 2 0 false 5 0
w 320 -48 256 -48 0
w 384 -48 320 -48 0
w 320 -32 320 -48 0
w 384 -32 384 -48 0
150 368 -32 368 48 0 2 -1.072357792954386e-31 5
150 304 -32 304 48 0 2 -5.546678239419239e-32 5
L 480 -32 480 -96 2 0 false 5 0
L 416 -32 416 -96 2 0 false 5 0
w 448 -48 384 -48 0
w 512 -48 448 -48 0
w 448 -32 448 -48 0
w 512 -32 512 -48 0
150 496 -32 496 48 0 2 -3.1503901251534044e-44 5
150 432 -32 432 48 0 2 -4.4373425915353913e-32 5
L 624 -32 624 -96 2 0 false 5 0
L 560 -32 560 -96 2 0 false 5 0
w 592 -48 512 -48 0
w 656 -48 592 -48 0
w 592 -32 592 -48 0
w 656 -32 656 -48 0
150 640 -32 640 48 0 2 0 5
150 576 -32 576 48 0 2 0 5
b -48 -128 688 112 0
178 768 352 688 352 6 2 0.2 -0.007401248274483947 0.075 1000000000 0.02 180 0.003 0.004 1
178 496 352 416 352 6 2 0.2 -1.332779303327051e-9 0.075 1000000000 0.02 180 0.003 0.004 0
178 288 352 368 352 6 2 0.2 -1.332779303327051e-9 0.075 1000000000 0.02 180 0.003 0.004 0
178 224 352 144 352 6 2 0.2 -1.332779303327051e-9 0.075 1000000000 0.02 180 0.003 0.004 0
178 16 352 96 352 6 2 0.2 -1.332779303327051e-9 0.075 1000000000 0.02 180 0.003 0.004 0
178 -48 352 -128 352 6 2 0.2 -1.332779303327051e-9 0.075 1000000000 0.02 180 0.003 0.004 0
178 -256 352 -176 352 6 2 0.2 -1.332779303327051e-9 0.075 1000000000 0.02 180 0.003 0.004 0
178 -144 528 -144 448 14 2 0.2 2.6637940308876773e-50 0.075 1000000000 0.02 180 0.003 0.004 0
178 128 528 128 448 14 2 0.2 2.6637940308876773e-50 0.075 1000000000 0.02 180 0.003 0.004 0
178 400 528 400 448 14 2 0.2 2.6637940308876773e-50 0.075 1000000000 0.02 180 0.003 0.004 0
178 672 528 672 448 14 2 0.2 2.6637940308876773e-50 0.075 1000000000 0.02 180 0.003 0.004 0
178 832 224 912 224 6 1 0.2 -9.0043248146458e-78 0.075 1000000000 0.02 180 0.003 0.004 0
d 976 208 912 208 2 1N4004
w 784 224 832 224 0
R 768 304 816 304 0 0 40 5 0 0 0.5
