$ 1 0.000005 9.78399845368213 50 5 50 5e-11
. DDL 1 3 5 8 D0 9 0 2 D1 10 1 2 EN 11 3 2 O0 4 0 3 O1 3 1 3 Vout 1 4 2 ~O0 8 3 3 ~O1 7 4 3 LogicOutputElm\s3\rLogicOutputElm\s4\rCapacitorElm\s5\s0\rCapacitorElm\s0\s6\rRailElm\s2\rLogicOutputElm\s7\rLogicOutputElm\s8\rRelayElm\s5\s2\s9\s6\s2\s10\s0\s11\rRelayElm\s0\s0\s0\s1\s8\s4\s5\s0\rRelayElm\s0\s0\s0\s1\s7\s3\s6\s0 6\\s2.5\s6\\s2.5\s4\\s0.000014999999999999999\\s1.9991670135948327\\s0.001\\s0\s4\\s0.000014999999999999999\\s-1.9991670135948327\\s0.001\\s0\s0\\s0\\s40\\s2\\s0\\s0\\s0.5\s6\\s2.5\s6\\s2.5\s14\\s2\\s0.2\\s-2e-323\\s0.075\\s1000000000\\s0.02\\s180\\s0.003\\s0.004\\s0\s6\\s2\\s0.2\\s0.01110648340886018\\s0.075\\s1000000000\\s0.02\\s180\\s0.003\\s0.004\\s0\s6\\s2\\s0.2\\s0.01110648340886018\\s0.075\\s1000000000\\s0.02\\s180\\s0.003\\s0.004\\s0
410 672 304 736 320 1 DDL 6\s2.5 6\s2.5 4\s0.000014999999999999999\s0.001\s0.001\s0 4\s0.000014999999999999999\s0.001\s0.001\s0 0\s0\s40\s2\s0\s0\s0.5 6\s2.5 6\s2.5 14\s2\s0.2\s0\s0.075\s1000000000\s0.02\s180\s0.003\s0.004\s0 6\s2\s0.2\s0\s0.075\s1000000000\s0.02\s180\s0.003\s0.004\s0 6\s2\s0.2\s0\s0.075\s1000000000\s0.02\s180\s0.003\s0.004\s0
w 800 400 816 400 0
w 832 400 832 272 0
w 832 272 672 272 0
w 672 272 672 304 0
w 672 336 656 336 0
w 656 336 656 256 0
w 656 256 848 256 0
w 848 256 848 432 0
w 848 432 800 432 0
w 816 400 832 400 0
w 816 400 816 448 0
w 848 432 848 448 0
c 816 448 816 480 4 0.000022 0.001 0.001 0.1
c 848 448 848 480 4 0.000022 0.001 0.001 0.1
g 816 480 816 496 0 0
g 848 480 848 496 0 0
178 496 384 576 384 6 1 0.2 0 0.075 1000000000 0.02 180 0.003 0.004 0
g 576 416 576 432 0 0
w 608 400 672 400 1
L 528 336 496 336 0 0 false 5 0
L 496 416 464 416 0 1 false 5 0
x 415 423 447 426 4 24 set
R 672 432 672 464 0 0 40 9.3 0 0 0.5
w 528 336 608 336 0
d 608 336 608 400 2 default
w 576 400 608 400 0
R 576 368 576 352 0 0 40 5 0 0 0.5
c 496 384 448 384 4 0.000047 0.001 0.001 0
g 448 384 432 384 0 0
